21 26 62 66 20
69 23 52 62 33
68 25 54 31 28
56 34 32 55 33
35 54 28 31 63
23 65 69 21 57
62 22 64 47 21
28 27 26 62 28
59 66 32 53 25
22 61 23 56 48
33 55 30 21 51
52 33 45 24 49
60 28 56 48 49
37 23 38 55 21
47 48 21 50 62
48 44 47 27 38
20 47 45 23 54
45 47 48 41 51
21 52 51 30 44
55 41 42 48 41
28 45 41 23 40
26 37 44 30 37
69 44 42 48 41
32 34 26 37 30
27 20 28 26 23
60 33 26 46 26
44 66 23 50 49
54 46 30 41 37
45 35 54 28 33
48 26 29 39 33
29 47 33 37 23
43 43 52 22 37
33 26 39 21 36
20 33 35 30 20
24 24 25 37 26
56 34 33 20 30
21 69 54 28 26
23 23 28 62 26
20 62 30 26 31
27 37 28 28 26
30 30 34 62 22
29 23 23 33 30
21 61 23 41 25
27 26 23 35 27
62 28 25 21 32
35 26 28 23 74
28 26 25 66 22
24 23 33 27 23
31 28 23 37 21
22 62 33 39 23
22 21 23 17 21
22 14 30 23 15
23 23 22 33 18
23 54 19 30 21
41 52 23 37 52
28 38 21 39 40
25 49 30 22 35
23 41 26 45 23
23 24 25 24 32
24 31 21 21 26
20 20 32 25 26
33 21 23 30 23
28 31 18 26 38
15 24 48 25 24
23 27 23 32 20
30 32 19 23 23
19 27 19 19 28
19 63 33 25 30
30 24 23 23 23
23 23 20 23 30
21 30 23 33 33
19 21 26 16 66
32 21 26 42 23
42 25 28 48 26
24 24 39 26 37
44 32 42 37 36
48 42 45 30 38
38 30 23 39 19
26 32 42 17 36
26 30 33 25 43
23 37 36 30 44
32 19 25 32 19
25 37 30 26 34
27 19 33 21 32
30 33 35 30 21
26 27 65 33 26
33 29 32 36 26
33 26 27 44 41
21 48 31 25 26
30 23 25 33 31
40 24 30 63 22
39 23 20 36 21
41 31 24 41 25
27 19 34 21 23
63 22 16 17 23
20 30 23 34 20
32 25 31 32 31
33 21 21 26 23
30 24 41 23 31
23 25 23 23 26
23 23 21 23 23
15 24 25 26 20
23 25 20 25 27
20 32 20 26 32
31 33 21 23 26
24 30 20 21 25
26 16 22 25 21
30 37 22 23 20
18 33 26 20 27
25 34 21 31 26
21 27 26 23 26
28 24 22 43 25
23 24 20 23 25
20 25 17 33 22
25 23 22 20 23
33 30 25 24 26
27 26 23 34 26
21 26 20 31 21
23 22 26 33 25
26 37 37 30 38
29 23 32 26 23
32 14 30 18 25
26 28 31 23 24
17 22 25 23 18
20 27 21 23 26
24 26 23 23 27
33 31 19 25 23
25 24 30 34 23
25 25 26 18 26
23 32 30 38 25
26 32 31 27 25
30 26 26 23 37
24 30 41 24 28
30 23 27 41 31
23 27 30 26 15
20 32 25 24 28
31 23 30 24 22
10 23 21 15 18
26 24 29 15 17
24 15 16 23 19
23 33 31 26 18
26 32 20 36 38
19 25 23 28 21
23 25 26 23 25
30 41 31 17 21
23 22 24 17 26
22 25 26 19 22
20 25 28 21 21
22 17 23 22 24
23 31 25 23 25
17 33 23 27 21
25 26 28 31 21
24 25 21 23 23
27 17 25 21 26
16 22 25 23 23
19 42 23 24 24
19 48 20 23 30
20 62 23 23 17
25 24 17 20 23
23 16 16 30 25
42 38 21 33 32
17 26 23 17 30
24 31 26 16 24
23 23 23 33 28
25 18 42 65 30
21 23 26 20 27
23 30 17 52
