60 53 62 66 71
69 65 52 62 68
68 62 74 60 53
56 59 57 55 61
53 54 60 55 63
66 65 69 67 57
62 69 64 66 71
58 57 61 62 58
59 63 55 53 59
49 61 53 56 63
69 55 58 56 51
52 54 45 51 49
60 62 56 48 49
59 56 60 60 53
45 48 48 50 49
48 44 47 43 38
49 41 45 55 54
45 47 48 35 43
46 42 51 43 44
55 54 42 48 48
40 45 41 29 40
38 45 44 37 36
38 44 43 49 40
38 34 32 38 30
36 28 28 39 43
34 45 41 50 49
44 43 42 50 49
54 46 45 41 37
45 35 43 34 33
42 39 29 39 34
42 43 33 37 37
40 43 47 36 39
33 30 39 29 36
28 25 35 30 20
24 27 27 37 21
28 34 25 20 30
28 18 26 28 26
39 21 28 34 26
20 27 26 20 31
26 37 28 28 26
30 32 34 39 22
29 28 23 33 25
27 19 21 27 25
17 28 23 35 27
23 25 25 31 32
35 19 28 27 23
28 22 25 18 19
24 23 16 27 18
31 21 20 22 21
22 28 31 16 25
23 21 21 17 21
14 14 20 22 15
23 23 22 33 18
23 25 19 17 21
41 33 46 37 45
46 38 41 39 40
46 49 37 42 35
34 45 33 44 33
29 40 25 17 27
24 31 24 21 24
20 20 29 32 19
28 25 23 30 23
27 22 18 21 23
15 24 22 19 24
17 27 33 18 20
21 26 19 23 22
19 30 19 19 28
19 17 22 25 17
24 24 33 26 23
23 18 20 28 30
21 24 23 20 28
19 22 21 16 21
28 21 26 27 23
35 25 28 34 26
20 26 39 30 37
33 45 42 37 36
38 42 45 47 38
38 33 34 39 34
36 32 29 39 36
26 30 33 30 43
29 29 36 27 24
32 33 26 34 28
38 37 29 33 34
32 38 41 30 32
31 30 35 29 32
26 23 30 33 26
33 29 38 36 29
33 26 33 38 41
28 31 31 27 36
29 28 25 22 31
32 26 30 30 28
39 30 30 36 27
22 31 24 18 25
24 19 34 22 23
31 22 16 24 25
20 27 23 34 28
27 26 24 21 31
33 21 27 26 23
30 20 27 23 19
23 25 22 30 26
23 33 21 26 34
23 24 25 26 20
30 25 33 29 27
26 23 20 31 34
22 27 27 23 34
24 29 26 21 25
23 16 26 24 21
30 18 22 30 20
18 24 26 20 29
25 34 29 26 26
21 22 31 34 24
28 28 26 32 25
27 24 20 26 23
20 25 19 34 22
22 25 22 20 32
33 22 25 24 23
27 22 22 22 11
21 26 22 31 21
36 28 26 32 22
22 37 37 23 27
29 23 32 26 26
23 14 26 26 22
31 24 36 32 25
29 22 25 33 34
20 27 28 23 33
24 26 23 19 27
25 19 27 25 23
32 24 30 34 23
25 25 26 18 28
24 32 27 28 25
20 20 31 33 22
26 24 26 33 24
26 23 15 24 24
18 23 25 17 30
17 23 30 19 15
21 21 17 18 19
31 15 23 24 16
10 22 21 15 18
22 24 29 15 22
24 15 19 26 19
25 23 31 25 23
26 18 20 30 30
19 25 25 28 29
23 25 24 16 25
22 15 22 17 29
23 21 24 13 14
22 27 13 19 22
19 25 19 21 21
12 17 23 17 24
19 31 23 22 24
17 17 23 27 14
25 26 28 35 23
24 25 18 23 22
19 24 24 21 26
16 22 30 17 14
22 24 17 24 24
19 28 18 23 30
20 17 19 23 16
20 24 32 20 23
22 16 16 21 25
16 20 21 22 32
17 26 23 17 20
22 18 26 26 16
24 13 24 33 16
16 18 30 27 30
28 19 26 15 27
36 17 17 20
